      1,   Total, 1600607.00000 ,      0.00003 , 33366258461869392.00000 ,        101
      1,      1 , 1600607.00000 ,      0.00003 , 36317348064693144.00000 ,         27
      1,      2 , 1600607.00000 ,      0.00003 , 86351261973664528.00000 ,          4
      1,      3 , 1600607.00000 ,      0.00003 , 35354376977853964.00000 ,         35
      1,      4 , 1600607.00000 ,      0.00003 , 35354376977853964.00000 ,         35

      2,   Total, 2165158.11264 , 158393.83877 ,     -3.28861 ,       1385
      2,      1 , 2169561.34793 , 151050.67596 ,     -3.51893 ,        411
      2,      2 , 2173744.64706 , 144349.73805 ,     -3.83512 ,         68
      2,      3 , 2162516.15453 , 162776.56237 ,     -3.17701 ,        453
      2,      4 , 2162516.15453 , 162776.56237 ,     -3.17701 ,        453

      3,   Total, 2170560.69403 , 150063.81695 ,     -3.53921 ,       1559
      3,      1 , 2174162.93246 , 143550.62267 ,     -3.76184 ,        459
      3,      2 , 2179717.55000 , 133702.94229 ,     -4.20801 ,         80
      3,      3 , 2168221.50196 , 154234.40994 ,     -3.42217 ,        510
      3,      4 , 2168221.50196 , 154234.40994 ,     -3.42217 ,        510

      4,   Total, 2180222.40672 , 149691.81289 ,     -3.46419 ,       1667
      4,      1 , 2183923.96138 , 143351.76714 ,     -3.65742 ,        492
      4,      2 , 2187951.28235 , 133828.33618 ,     -4.05999 ,         85
      4,      3 , 2177948.90275 , 153750.04380 ,     -3.36055 ,        545
      4,      4 , 2177948.90275 , 153750.04380 ,     -3.36055 ,        545

      5,   Total, 2283300.24743 , 341308.63429 ,      1.59438 ,       1851
      5,      1 , 2261611.11278 , 305574.27491 ,      1.79201 ,        532
      5,      2 , 2333496.38384 , 381152.44679 ,      1.49395 ,         99
      5,      3 , 2288684.83934 , 352279.37289 ,      1.52221 ,        610
      5,      4 , 2288684.83934 , 352279.37289 ,      1.52221 ,        610

      6,   Total, 2303054.76467 , 363447.53160 ,      1.48848 ,       1891
      6,      1 , 2275767.91111 , 324564.39757 ,      1.72201 ,        540
      6,      2 , 2367814.77670 , 411114.56475 ,      1.28414 ,        103
      6,      3 , 2309516.79968 , 374501.06053 ,      1.41443 ,        624
      6,      4 , 2309516.79968 , 374501.06053 ,      1.41443 ,        624

      7,   Total, 2309775.25144 , 370440.98768 ,      1.45166 ,       1905
      7,      1 , 2279243.01476 , 328966.94952 ,      1.70290 ,        542
      7,      2 , 2399579.49533 , 434584.91205 ,      1.10890 ,        107
      7,      3 , 2315300.26592 , 380240.16898 ,      1.38407 ,        628
      7,      4 , 2315300.26592 , 380240.16898 ,      1.38407 ,        628

      8,   Total, 2409920.06092 , 507367.69305 ,      1.42467 ,       2052
      8,      1 , 2395457.68983 , 502157.85505 ,      1.61283 ,        590
      8,      2 , 2479903.61404 , 525984.93415 ,      1.08599 ,        114
      8,      3 , 2410331.54006 , 508109.70529 ,      1.38175 ,        674
      8,      4 , 2410331.54006 , 508109.70529 ,      1.38175 ,        674

      9,   Total, 2560379.37710 , 674400.70162 ,      1.15934 ,       2262
      9,      1 , 2546392.19231 , 673209.21444 ,      1.25005 ,        650
      9,      2 , 2691359.84848 , 723874.66196 ,      0.81471 ,        132
      9,      3 , 2554840.35541 , 669823.92469 ,      1.15755 ,        740
      9,      4 , 2554840.35541 , 669823.92469 ,      1.15755 ,        740

     10,   Total, 2768400.80070 , 837986.58567 ,      0.75456 ,       2584
     10,      1 , 2797569.22906 , 863533.98155 ,      0.71361 ,        764
     10,      2 , 2857668.94595 , 834684.24535 ,      0.54952 ,        148
     10,      3 , 2747170.91746 , 826173.07083 ,      0.79327 ,        836
     10,      4 , 2747170.91746 , 826173.07083 ,      0.79327 ,        836

     11,   Total, 2771067.43161 , 840078.07873 ,      0.75165 ,       2588
     11,      1 , 2797569.22906 , 863533.98155 ,      0.71361 ,        764
     11,      2 , 2857668.94595 , 834684.24535 ,      0.54952 ,        148
     11,      3 , 2751339.27088 , 829579.69415 ,      0.78890 ,        838
     11,      4 , 2751339.27088 , 829579.69415 ,      0.78890 ,        838

     12,   Total, 2777818.20378 , 847528.19203 ,      0.75910 ,       2596
     12,      1 , 2797569.22906 , 863533.98155 ,      0.71361 ,        764
     12,      2 , 2857668.94595 , 834684.24535 ,      0.54952 ,        148
     12,      3 , 2761839.76366 , 841460.76607 ,      0.80123 ,        842
     12,      4 , 2761839.76366 , 841460.76607 ,      0.80123 ,        842

     14,   Total, 2799344.24234 , 888320.30132 ,      0.96210 ,       2612
     14,      1 , 2797569.22906 , 863533.98155 ,      0.71361 ,        764
     14,      2 , 2857668.94595 , 834684.24535 ,      0.54952 ,        148
     14,      3 , 2795064.27412 , 904269.47082 ,      1.09089 ,        850
     14,      4 , 2795064.27412 , 904269.47082 ,      1.09089 ,        850

     15,   Total, 2810327.12405 , 908901.09755 ,      1.04865 ,       2620
     15,      1 , 2797569.22906 , 863533.98155 ,      0.71361 ,        764
     15,      2 , 2857668.94595 , 834684.24535 ,      0.54952 ,        148
     15,      3 , 2811931.59836 , 935092.14983 ,      1.19612 ,        854
     15,      4 , 2811931.59836 , 935092.14983 ,      1.19612 ,        854

     16,   Total, 3108146.58801 , 1393597.17668 ,      1.59818 ,       2818
     16,      1 , 3092734.86114 , 1364928.92055 ,      1.61331 ,        821
     16,      2 , 3289502.02424 , 1502614.25408 ,      1.46465 ,        165
     16,      3 , 3098719.39410 , 1396164.77469 ,      1.60671 ,        916
     16,      4 , 3098719.39410 , 1396164.77469 ,      1.60671 ,        916

     17,   Total, 3685467.89930 , 1902970.95225 ,      0.92187 ,       3297
     17,      1 , 3726260.22131 , 1922217.65992 ,      0.88275 ,        976
     17,      2 , 4087901.80861 , 2045025.23773 ,      0.57611 ,        209
     17,      3 , 3626792.71307 , 1875335.78413 ,      0.98004 ,       1056
     17,      4 , 3626792.71307 , 1875335.78413 ,      0.98004 ,       1056

    114,   Total, 3614928.12548 , 1932231.25899 ,      0.88617 ,       3379
    114,      1 , 3672884.11469 , 1944885.20782 ,      0.85605 ,        994
    114,      2 , 3965904.06452 , 2101871.74785 ,      0.54085 ,        217
    114,      3 , 3553226.08118 , 1905323.70913 ,      0.93987 ,       1084
    114,      4 , 3553226.08118 , 1905323.70913 ,      0.93987 ,       1084

    115,   Total, 3547366.05668 , 1903433.67018 ,      0.96882 ,       3564
    115,      1 , 3599151.27307 , 1916281.36636 ,      0.94257 ,       1051
    115,      2 , 3865749.51515 , 2074875.12952 ,      0.64288 ,        231
    115,      3 , 3491286.80982 , 1876637.90193 ,      1.01915 ,       1141
    115,      4 , 3491286.80982 , 1876637.90193 ,      1.01915 ,       1141

    278,   Total, 3540747.49342 , 1907423.69221 ,      0.96040 ,       3571
    278,      1 , 3599151.27307 , 1916281.36636 ,      0.94257 ,       1051
    278,      2 , 3849823.66810 , 2084541.37433 ,      0.63001 ,        232
    278,      3 , 3482579.64161 , 1881857.17825 ,      1.00750 ,       1144
    278,      4 , 3482579.64161 , 1881857.17825 ,      1.00750 ,       1144

    280,   Total, 3526878.78757 , 1914411.66514 ,      0.94830 ,       3587
    280,      1 , 3584153.19413 , 1924073.41325 ,      0.92899 ,       1056
    280,      2 , 3835152.99571 , 2092063.86505 ,      0.62279 ,        233
    280,      3 , 3469302.78068 , 1888472.70110 ,      0.99533 ,       1149
    280,      4 , 3469302.78068 , 1888472.70110 ,      0.99533 ,       1149

    281,   Total, 3449655.59962 , 1960605.55188 ,      0.85895 ,       3669
    281,      1 , 3525283.78864 , 1960474.45537 ,      0.85705 ,       1074
    281,      2 , 3593319.03614 , 2224739.07755 ,      0.49938 ,        249
    281,      3 , 3399784.81074 , 1929990.60674 ,      0.90971 ,       1173
    281,      4 , 3399784.81074 , 1929990.60674 ,      0.90971 ,       1173

    118,   Total, 3180737.32274 , 2082688.60086 ,      0.72753 ,       3997
    118,      1 , 3282085.66926 , 2078770.72773 ,      0.71470 ,       1158
    118,      2 , 3247544.80866 , 2348281.30226 ,      0.51357 ,        277
    118,      3 , 3127705.68384 , 2053100.71130 ,      0.76415 ,       1281
    118,      4 , 3127705.68384 , 2053100.71130 ,      0.76415 ,       1281

    119,   Total, 3145906.90534 , 2093807.75776 ,      0.72585 ,       4046
    119,      1 , 3256594.69606 , 2087958.05412 ,      0.71106 ,       1168
    119,      2 , 3175010.88732 , 2363673.73622 ,      0.53572 ,        284
    119,      3 , 3092881.12645 , 2064062.36501 ,      0.76180 ,       1297
    119,      4 , 3092881.12645 , 2064062.36501 ,      0.76180 ,       1297

    120,   Total, 3108812.85247 , 2089218.20359 ,      0.75522 ,       4128
    120,      1 , 3218395.44836 , 2085538.68980 ,      0.73825 ,       1191
    120,      2 , 3092000.28956 , 2343635.15300 ,      0.60888 ,        297
    120,      3 , 3061267.57197 , 2059724.46747 ,      0.78742 ,       1320
    120,      4 , 3061267.57197 , 2059724.46747 ,      0.78742 ,       1320

    121,   Total, 3023190.60309 , 2031910.71493 ,      0.87263 ,       4462
    121,      1 , 3160189.54444 , 2053523.26486 ,      0.81193 ,       1249
    121,      2 , 3014273.39812 , 2279133.40398 ,      0.71054 ,        319
    121,      3 , 2965047.17208 , 1991519.72492 ,      0.92510 ,       1447
    121,      4 , 2965047.17208 , 1991519.72492 ,      0.92510 ,       1447

    122,   Total, 2998310.96482 , 2012194.22223 ,      0.91006 ,       4577
    122,      1 , 3141550.66299 , 2041531.87796 ,      0.83727 ,       1270
    122,      2 , 2984446.88146 , 2250454.87788 ,      0.75288 ,        329
    122,      3 , 2938756.52116 , 1969272.05870 ,      0.96688 ,       1489
    122,      4 , 2938756.52116 , 1969272.05870 ,      0.96688 ,       1489

    282,   Total, 2997165.34178 , 2012501.16240 ,      0.90998 ,       4579
    282,      1 , 3141550.66299 , 2041531.87796 ,      0.83727 ,       1270
    282,      2 , 2984446.88146 , 2250454.87788 ,      0.75288 ,        329
    282,      3 , 2937036.15235 , 1969730.41137 ,      0.96669 ,       1490
    282,      4 , 2937036.15235 , 1969730.41137 ,      0.96669 ,       1490

    284,   Total, 2919885.50731 , 2032203.33796 ,      0.90780 ,       4717
    284,      1 , 3040091.49469 , 2070873.44089 ,      0.83135 ,       1318
    284,      2 , 2968562.91843 , 2252883.06318 ,      0.75746 ,        331
    284,      3 , 2862993.81421 , 1988529.56552 ,      0.96156 ,       1534
    284,      4 , 2862993.81421 , 1988529.56552 ,      0.96156 ,       1534

    285,   Total, 2899727.57813 , 2036489.60221 ,      0.90938 ,       4755
    285,      1 , 3006440.41498 , 2078875.96747 ,      0.83373 ,       1335
    285,      2 , 2960818.72892 , 2253898.66100 ,      0.76000 ,        332
    285,      3 , 2847025.53821 , 1991924.44290 ,      0.96222 ,       1544
    285,      4 , 2847025.53821 , 1991924.44290 ,      0.96222 ,       1544

    288,   Total, 2862555.62000 , 2046966.30781 ,      0.90575 ,       4821
    288,      1 , 2975085.35481 , 2088356.96820 ,      0.83090 ,       1350
    288,      2 , 2919626.83383 , 2262181.25829 ,      0.76771 ,        337
    288,      3 , 2807945.49202 , 2003017.34327 ,      0.95648 ,       1567
    288,      4 , 2807945.49202 , 2003017.34327 ,      0.95648 ,       1567

    127,   Total, 2811257.02813 , 2014326.90437 ,      0.97601 ,       5048
    127,      1 , 2908289.46073 , 2051327.61462 ,      0.91557 ,       1426
    127,      2 , 2888469.06069 , 2240629.74892 ,      0.80730 ,        346
    127,      3 , 2760865.20513 , 1971551.84461 ,      1.02394 ,       1638
    127,      4 , 2760865.20513 , 1971551.84461 ,      1.02394 ,       1638

    291,   Total, 2806345.73586 , 2015358.00887 ,      0.97619 ,       5058
    291,      1 , 2901069.42028 , 2052988.85966 ,      0.91578 ,       1430
    291,      2 , 2873748.69253 , 2242561.21310 ,      0.81172 ,        348
    291,      3 , 2757897.23049 , 1972179.60356 ,      1.02393 ,       1640
    291,      4 , 2757897.23049 , 1972179.60356 ,      1.02393 ,       1640

    293,   Total, 2762742.37182 , 2025717.08586 ,      0.97474 ,       5145
    293,      1 , 2864195.81448 , 2062491.56458 ,      0.91431 ,       1450
    293,      2 , 2792673.00279 , 2254571.16175 ,      0.83272 ,        359
    293,      3 , 2715424.44964 , 1982393.63882 ,      1.02063 ,       1668
    293,      4 , 2715424.44964 , 1982393.63882 ,      1.02063 ,       1668

    130,   Total, 2755681.28328 , 2026534.34992 ,      0.97659 ,       5161
    130,      1 , 2856020.22749 , 2063647.32479 ,      0.91626 ,       1455
    130,      2 , 2786263.07778 , 2254711.39286 ,      0.83581 ,        360
    130,      3 , 2708758.80574 , 1983170.05697 ,      1.02222 ,       1673
    130,      4 , 2708758.80574 , 1983170.05697 ,      1.02222 ,       1673

    135,   Total, 2474124.76724 , 2021344.99973 ,      1.11973 ,       5946
    135,      1 , 2485988.35722 , 2059680.33653 ,      1.10246 ,       1744
    135,      2 , 2619860.18205 , 2241605.63031 ,      0.93921 ,        390
    135,      3 , 2453787.17209 , 1979636.64795 ,      1.14761 ,       1906
    135,      4 , 2453787.17209 , 1979636.64795 ,      1.14761 ,       1906

    131,   Total, 2456879.83989 , 2014575.17590 ,      1.13860 ,       6021
    131,      1 , 2467034.24378 , 2052019.45184 ,      1.12315 ,       1768
    131,      2 , 2600491.09114 , 2233912.76452 ,      0.95889 ,        395
    131,      3 , 2437522.80767 , 1973358.30068 ,      1.16557 ,       1929
    131,      4 , 2437522.80767 , 1973358.30068 ,      1.16557 ,       1929

    132,   Total, 2381210.88830 , 1910840.75250 ,      1.29928 ,       6777
    132,      1 , 2386563.42857 , 1940958.31354 ,      1.29118 ,       2002
    132,      2 , 2467865.56263 , 2067613.88606 ,      1.19630 ,        471
    132,      3 , 2369238.27277 , 1879036.84084 ,      1.31465 ,       2152
    132,      4 , 2369238.27277 , 1879036.84084 ,      1.31465 ,       2152

    133,   Total, 2362679.91990 , 1856526.85249 ,      1.36474 ,       7191
    133,      1 , 2365748.21328 , 1879879.16535 ,      1.36356 ,       2138
    133,      2 , 2443402.71457 , 2006972.77195 ,      1.26546 ,        501
    133,      3 , 2352354.31986 , 1828464.39693 ,      1.37641 ,       2276
    133,      4 , 2352354.31986 , 1828464.39693 ,      1.37641 ,       2276

    294,   Total, 2303671.56917 , 1865982.97424 ,      1.35868 ,       7388
    294,      1 , 2303296.42455 , 1889143.56807 ,      1.35943 ,       2200
    294,      2 , 2385391.20817 , 2013905.36178 ,      1.26977 ,        514
    294,      3 , 2294861.43303 , 1838304.17031 ,      1.36800 ,       2337
    294,      4 , 2294861.43303 , 1838304.17031 ,      1.36800 ,       2337

    298,   Total, 2277587.59439 , 1867777.09182 ,      1.36289 ,       7485
    298,      1 , 2279791.38005 , 1890484.00385 ,      1.36390 ,       2226
    298,      2 , 2310728.40150 , 2015453.69098 ,      1.29280 ,        533
    298,      3 , 2272811.95387 , 1840076.64151 ,      1.37078 ,       2363
    298,      4 , 2272811.95387 , 1840076.64151 ,      1.37078 ,       2363

    141,   Total, 2276679.63842 , 1854949.18829 ,      1.37375 ,       7589
    141,      1 , 2279272.52474 , 1883312.41621 ,      1.36990 ,       2243
    141,      2 , 2310542.26779 , 2013566.72789 ,      1.29427 ,        534
    141,      3 , 2271713.20283 , 1823570.89717 ,      1.38494 ,       2406
    141,      4 , 2271713.20283 , 1823570.89717 ,      1.38494 ,       2406

    147,   Total, 2212850.37194 , 1841694.58100 ,      1.42520 ,       7918
    147,      1 , 2216116.77512 , 1869347.93958 ,      1.42182 ,       2339
    147,      2 , 2284519.61694 , 2006833.20601 ,      1.31662 ,        543
    147,      3 , 2203605.63066 , 1810283.45024 ,      1.43868 ,       2518
    147,      4 , 2203605.63066 , 1810283.45024 ,      1.43868 ,       2518

    148,   Total, 2200704.52123 , 1835164.09708 ,      1.44209 ,       8006
    148,      1 , 2204860.61490 , 1863144.71283 ,      1.43746 ,       2363
    148,      2 , 2280201.57798 , 2004406.27681 ,      1.32228 ,        545
    148,      3 , 2190279.50255 , 1803243.05848 ,      1.45733 ,       2549
    148,      4 , 2190279.50255 , 1803243.05848 ,      1.45733 ,       2549

    149,   Total, 2197822.89780 , 1831428.23672 ,      1.44879 ,       8043
    149,      1 , 2202203.39359 , 1859662.03300 ,      1.44358 ,       2373
    149,      2 , 2276337.16423 , 1999581.91207 ,      1.33012 ,        548
    149,      3 , 2187393.23467 , 1799503.67860 ,      1.46419 ,       2561
    149,      4 , 2187393.23467 , 1799503.67860 ,      1.46419 ,       2561

    301,   Total, 2165475.19215 , 1833806.56306 ,      1.45187 ,       8176
    301,      1 , 2170792.90004 , 1861572.00266 ,      1.44773 ,       2411
    301,      2 , 2221264.86501 , 2000652.92326 ,      1.34577 ,        563
    301,      3 , 2156972.58170 , 1802128.56815 ,      1.46568 ,       2601
    301,      4 , 2156972.58170 , 1802128.56815 ,      1.46568 ,       2601

    302,   Total, 2069499.61586 , 1836813.51483 ,      1.47182 ,       8601
    302,      1 , 2067520.68303 , 1863376.34332 ,      1.47285 ,       2546
    302,      2 , 2146122.29573 , 1999143.03323 ,      1.37329 ,        585
    302,      3 , 2062226.14150 , 1806322.35046 ,      1.48153 ,       2735
    302,      4 , 2062226.14150 , 1806322.35046 ,      1.48153 ,       2735

    151,   Total, 1984190.17628 , 1839416.75806 ,      1.48881 ,       8997
    151,      1 , 1962509.92905 , 1864445.68760 ,      1.49895 ,       2692
    151,      2 , 2105623.25461 , 1999049.15317 ,      1.38604 ,        597
    151,      3 , 1981714.29643 , 1809900.64688 ,      1.49424 ,       2854
    151,      4 , 1981714.29643 , 1809900.64688 ,      1.49424 ,       2854

    158,   Total, 1945018.50016 , 1834514.49008 ,      1.51193 ,       9217
    158,      1 , 1927202.48147 , 1859110.99173 ,      1.52149 ,       2752
    158,      2 , 2065237.53355 , 1993526.09753 ,      1.41048 ,        611
    158,      3 , 1940846.28528 , 1805362.79543 ,      1.51725 ,       2927
    158,      4 , 1940846.28528 , 1805362.79543 ,      1.51725 ,       2927

    152,   Total, 1934826.24635 , 1827388.29415 ,      1.52862 ,       9316
    152,      1 , 1919400.83604 , 1853354.23746 ,      1.53452 ,       2775
    152,      2 , 2054741.70989 , 1986623.64110 ,      1.42564 ,        617
    152,      3 , 1929562.51789 , 1797626.17844 ,      1.53582 ,       2962
    152,      4 , 1929562.51789 , 1797626.17844 ,      1.53582 ,       2962

    153,   Total, 1928375.99329 , 1822439.64444 ,      1.53985 ,       9383
    153,      1 , 1911787.55556 , 1847204.09063 ,      1.54801 ,       2799
    153,      2 , 2049790.55000 , 1983077.32765 ,      1.43318 ,        620
    153,      3 , 1923539.30852 , 1793085.11577 ,      1.54637 ,       2982
    153,      4 , 1923539.30852 , 1793085.11577 ,      1.54637 ,       2982

    154,   Total, 1906424.56321 , 1800765.41604 ,      1.58486 ,       9659
    154,      1 , 1890901.63286 , 1825536.19345 ,      1.59158 ,       2879
    154,      2 , 2032898.74842 , 1967885.50989 ,      1.46272 ,        632
    154,      3 , 1900692.42778 , 1770825.47402 ,      1.59365 ,       3074
    154,      4 , 1900692.42778 , 1770825.47402 ,      1.59365 ,       3074

    156,   Total, 1905489.11638 , 1768915.42319 ,      1.61496 ,      10010
    156,      1 , 1890487.53110 , 1791320.04677 ,      1.62263 ,       2990
    156,      2 , 2026847.15957 , 1928785.21387 ,      1.50125 ,        658
    156,      3 , 1899987.88211 , 1740782.46432 ,      1.62233 ,       3181
    156,      4 , 1899987.88211 , 1740782.46432 ,      1.62233 ,       3181

    157,   Total, 1907211.66321 , 1757603.52060 ,      1.62230 ,      10140
    157,      1 , 1892069.10920 , 1781873.09998 ,      1.62845 ,       3022
    157,      2 , 2026964.63404 , 1920038.23826 ,      1.50787 ,        664
    157,      3 , 1901981.54633 , 1728406.40778 ,      1.63033 ,       3227
    157,      4 , 1901981.54633 , 1728406.40778 ,      1.63033 ,       3227

    306,   Total, 1887820.80922 , 1756685.90925 ,      1.62910 ,      10258
    306,      1 , 1875106.46250 , 1780696.50150 ,      1.63530 ,       3053
    306,      2 , 2018844.20240 , 1919520.17861 ,      1.51124 ,        667
    306,      3 , 1880391.05965 , 1727663.69637 ,      1.63712 ,       3269
    306,      4 , 1880391.05965 , 1727663.69637 ,      1.63712 ,       3269

    161,   Total, 1881540.81137 , 1754341.92074 ,      1.63623 ,      10311
    161,      1 , 1869195.24283 , 1778338.06203 ,      1.64222 ,       3068
    161,      2 , 2010779.94486 , 1916616.98560 ,      1.51958 ,        671
    161,      3 , 1874108.78850 , 1725388.89820 ,      1.64422 ,       3286
    161,      4 , 1874108.78850 , 1725388.89820 ,      1.64422 ,       3286

    162,   Total, 1877038.11376 , 1738375.80531 ,      1.65839 ,      10505
    162,      1 , 1866216.18726 , 1767046.35995 ,      1.65737 ,       3108
    162,      2 , 2006384.50810 , 1905701.79107 ,      1.53440 ,        679
    162,      3 , 1868971.47871 , 1706879.76511 ,      1.67032 ,       3359
    162,      4 , 1868971.47871 , 1706879.76511 ,      1.67032 ,       3359

    163,   Total, 1876628.76086 , 1737085.01480 ,      1.66026 ,      10521
    163,      1 , 1866216.18726 , 1767046.35995 ,      1.65737 ,       3108
    163,      2 , 2006384.50810 , 1905701.79107 ,      1.53440 ,        679
    163,      3 , 1868351.08435 , 1704897.59002 ,      1.67325 ,       3367
    163,      4 , 1868351.08435 , 1704897.59002 ,      1.67325 ,       3367

     22,   Total, 1876425.71853 , 1736022.32499 ,      1.66161 ,      10534
     22,      1 , 1866117.07846 , 1766482.22556 ,      1.65806 ,       3110
     22,      2 , 2005090.01026 , 1901599.45056 ,      1.53956 ,        682
     22,      3 , 1868165.68051 , 1703893.97428 ,      1.67455 ,       3371
     22,      4 , 1868165.68051 , 1703893.97428 ,      1.67455 ,       3371

     23,   Total, 1878060.23908 , 1729072.92216 ,      1.66528 ,      10620
     23,      1 , 1867808.88804 , 1759523.69699 ,      1.66154 ,       3135
     23,      2 , 2005833.49347 , 1891915.13751 ,      1.54619 ,        689
     23,      3 , 1869835.13802 , 1697211.57567 ,      1.67799 ,       3398
     23,      4 , 1869835.13802 , 1697211.57567 ,      1.67799 ,       3398

     24,   Total, 1884289.84507 , 1725974.20434 ,      1.65511 ,      10682
     24,      1 , 1873994.72312 , 1756391.29972 ,      1.65167 ,       3153
     24,      2 , 2011291.08369 , 1887800.56539 ,      1.53933 ,        693
     24,      3 , 1876163.55208 , 1694247.16078 ,      1.66725 ,       3418
     24,      4 , 1876163.55208 , 1694247.16078 ,      1.66725 ,       3418

     25,   Total, 1891704.51886 , 1724923.05111 ,      1.64031 ,      10735
     25,      1 , 1881629.26412 , 1755226.39433 ,      1.63677 ,       3169
     25,      2 , 2013272.09222 , 1887159.75719 ,      1.53607 ,        694
     25,      3 , 1884073.63795 , 1693315.19908 ,      1.65094 ,       3436
     25,      4 , 1884073.63795 , 1693315.19908 ,      1.65094 ,       3436

     26,   Total, 1976376.69341 , 1729862.96420 ,      1.46327 ,      11243
     26,      1 , 1973257.28940 , 1759325.32684 ,      1.44954 ,       3331
     26,      2 , 2052762.52254 , 1883810.22020 ,      1.46447 ,        710
     26,      3 , 1970289.05054 , 1700214.49093 ,      1.46595 ,       3601
     26,      4 , 1970289.05054 , 1700214.49093 ,      1.46595 ,       3601

     27,   Total, 1979374.25977 , 1731109.81146 ,      1.45712 ,      11256
     27,      1 , 1973257.28940 , 1759325.32684 ,      1.44954 ,       3331
     27,      2 , 2056305.48383 , 1884852.14265 ,      1.45770 ,        711
     27,      3 , 1974616.50097 , 1702105.10360 ,      1.45695 ,       3607
     27,      4 , 1974616.50097 , 1702105.10360 ,      1.45695 ,       3607

     28,   Total, 1986379.78766 , 1734657.11591 ,      1.44318 ,      11284
     28,      1 , 1978344.51393 , 1761825.92555 ,      1.43957 ,       3337
     28,      2 , 2071669.38042 , 1890709.18724 ,      1.42885 ,        715
     28,      3 , 1981655.18169 , 1705816.56967 ,      1.44282 ,       3616
     28,      4 , 1981655.18169 , 1705816.56967 ,      1.44282 ,       3616

     40,   Total, 2011771.10601 , 1753488.04320 ,      1.40049 ,      11367
     40,      1 , 1982517.42442 , 1764892.20250 ,      1.43249 ,       3341
     40,      2 , 2104556.72992 , 1910681.36654 ,      1.37372 ,        722
     40,      3 , 2015980.48850 , 1731905.67651 ,      1.38568 ,       3652
     40,      4 , 2015980.48850 , 1731905.67651 ,      1.38568 ,       3652

     29,   Total, 2022546.26749 , 1764738.69254 ,      1.38989 ,      11395
     29,      1 , 1982517.42442 , 1764892.20250 ,      1.43249 ,       3341
     29,      2 , 2104556.72992 , 1910681.36654 ,      1.37372 ,        722
     29,      3 , 2032710.58974 , 1749592.03983 ,      1.37024 ,       3666
     29,      4 , 2032710.58974 , 1749592.03983 ,      1.37024 ,       3666

     30,   Total, 2051940.56926 , 1795334.38125 ,      1.36217 ,      11471
     30,      1 , 2007831.72708 , 1791630.86425 ,      1.40743 ,       3360
     30,      2 , 2146370.40192 , 1948379.15044 ,      1.32610 ,        729
     30,      3 , 2062691.90517 , 1781061.68107 ,      1.34360 ,       3691
     30,      4 , 2062691.90517 , 1781061.68107 ,      1.34360 ,       3691

     31,   Total, 2097642.12819 , 1844945.26279 ,      1.32840 ,      11584
     31,      1 , 2057963.79711 , 1846764.79095 ,      1.36813 ,       3396
     31,      2 , 2177641.42779 , 1978144.45187 ,      1.29639 ,        734
     31,      3 , 2107841.76952 , 1830462.13895 ,      1.31268 ,       3727
     31,      4 , 2107841.76952 , 1830462.13895 ,      1.31268 ,       3727

     32,   Total, 2106395.29757 , 1855353.56062 ,      1.32512 ,      11604
     32,      1 , 2069992.62720 , 1861172.36985 ,      1.36298 ,       3404
     32,      2 , 2191224.55163 , 1992539.03036 ,      1.28760 ,        736
     32,      3 , 2114632.21597 , 1838608.48575 ,      1.31058 ,       3732
     32,      4 , 2114632.21597 , 1838608.48575 ,      1.31058 ,       3732

     33,   Total, 2225023.89354 , 1987272.13925 ,      1.26248 ,      11882
     33,      1 , 2174331.12230 , 1978701.00865 ,      1.30415 ,       3475
     33,      2 , 2561216.09686 , 2320568.51652 ,      1.00949 ,        795
     33,      3 , 2213053.92223 , 1950229.76894 ,      1.26548 ,       3806
     33,      4 , 2213053.92223 , 1950229.76894 ,      1.26548 ,       3806

    165,   Total, 2171182.88672 , 1990130.99896 ,      1.27554 ,      12191
    165,      1 , 2129953.17882 , 1980280.72640 ,      1.31586 ,       3551
    165,      2 , 2492036.60636 , 2323588.73612 ,      1.03324 ,        818
    165,      3 , 2156346.31680 , 1953932.47030 ,      1.27768 ,       3911
    165,      4 , 2156346.31680 , 1953932.47030 ,      1.27768 ,       3911

    166,   Total, 2123247.15996 , 1959142.64126 ,      1.34442 ,      12747
    166,      1 , 2071423.38547 , 1939835.49441 ,      1.40398 ,       3759
    166,      2 , 2468145.05769 , 2311167.92182 ,      1.05943 ,        832
    166,      3 , 2111948.79279 , 1925523.55354 ,      1.34227 ,       4078
    166,      4 , 2111948.79279 , 1925523.55354 ,      1.34227 ,       4078

    167,   Total, 2117220.60533 , 1953670.17123 ,      1.35500 ,      12836
    167,      1 , 2069254.76121 , 1937716.03119 ,      1.40801 ,       3769
    167,      2 , 2432728.60327 , 2286326.35549 ,      1.10450 ,        857
    167,      3 , 2106306.22192 , 1920431.86835 ,      1.35230 ,       4105
    167,      4 , 2106306.22192 , 1920431.86835 ,      1.35230 ,       4105

    168,   Total, 2093609.20637 , 1927560.34848 ,      1.40178 ,      13248
    168,      1 , 2040289.96564 , 1903041.90188 ,      1.46937 ,       3929
    168,      2 , 2405829.52105 , 2263741.68024 ,      1.14236 ,        879
    168,      3 , 2085913.66611 , 1897993.29692 ,      1.39320 ,       4220
    168,      4 , 2085913.66611 , 1897993.29692 ,      1.39320 ,       4220

    169,   Total, 2087452.11362 , 1920630.95797 ,      1.41427 ,      13360
    169,      1 , 2033425.42580 , 1894647.84310 ,      1.48438 ,       3969
    169,      2 , 2398733.42938 , 2257682.40087 ,      1.15252 ,        885
    169,      3 , 2080274.58711 , 1891689.11374 ,      1.40476 ,       4253
    169,      4 , 2080274.58711 , 1891689.11374 ,      1.40476 ,       4253

    170,   Total, 2086774.07552 , 1919739.63158 ,      1.41578 ,      13374
    170,      1 , 2033275.88086 , 1894432.58029 ,      1.48474 ,       3970
    170,      2 , 2389079.05257 , 2248318.16957 ,      1.16732 ,        894
    170,      3 , 2079973.50952 , 1891295.34975 ,      1.40544 ,       4255
    170,      4 , 2079973.50952 , 1891295.34975 ,      1.40544 ,       4255

    173,   Total, 2083657.74586 , 1913614.08857 ,      1.42455 ,      13465
    173,      1 , 2031232.69348 , 1889896.77307 ,      1.49115 ,       3990
    173,      2 , 2383147.93896 , 2240561.57529 ,      1.17794 ,        901
    173,      3 , 2076582.31957 , 1884627.58863 ,      1.41509 ,       4287
    173,      4 , 2076582.31957 , 1884627.58863 ,      1.41509 ,       4287

    309,   Total, 2071526.89731 , 1914284.41695 ,      1.42644 ,      13546
    309,      1 , 2025306.84708 , 1890152.43706 ,      1.49205 ,       4002
    309,      2 , 2350033.67943 , 2241588.44534 ,      1.18797 ,        914
    309,      3 , 2063464.02851 , 1885503.19946 ,      1.41682 ,       4315
    309,      4 , 2063464.02851 , 1885503.19946 ,      1.41682 ,       4315

    178,   Total, 2048427.45874 , 1911840.85881 ,      1.43915 ,      13729
    178,      1 , 2006139.31472 , 1887866.20600 ,      1.50281 ,       4048
    178,      2 , 2300659.29029 , 2235671.90410 ,      1.21641 ,        937
    178,      3 , 2040975.62672 , 1883362.69349 ,      1.42893 ,       4372
    178,      4 , 2040975.62672 , 1883362.69349 ,      1.42893 ,       4372

    174,   Total, 2043759.07786 , 1911019.87510 ,      1.44242 ,      13769
    174,      1 , 2004209.03430 , 1887500.52598 ,      1.50419 ,       4053
    174,      2 , 2290790.89703 , 2233817.39861 ,      1.22316 ,        942
    174,      3 , 2035506.55368 , 1882456.95335 ,      1.43272 ,       4387
    174,      4 , 2035506.55368 , 1882456.95335 ,      1.43272 ,       4387

    175,   Total, 2019050.07128 , 1903068.81841 ,      1.46674 ,      14016
    175,      1 , 1986293.69564 , 1881462.10085 ,      1.52232 ,       4107
    175,      2 , 2258185.57440 , 2223498.04831 ,      1.25167 ,        961
    175,      3 , 2008402.01766 , 1873972.70486 ,      1.45941 ,       4474
    175,      4 , 2008402.01766 , 1873972.70486 ,      1.45941 ,       4474

    176,   Total, 2013477.05301 , 1901220.31098 ,      1.47232 ,      14073
    176,      1 , 1983031.14404 , 1880338.25425 ,      1.52567 ,       4117
    176,      2 , 2243200.25464 , 2218564.25030 ,      1.26502 ,        970
    176,      3 , 2002628.43312 , 1872103.33460 ,      1.46521 ,       4493
    176,      4 , 2002628.43312 , 1872103.33460 ,      1.46521 ,       4493

    183,   Total, 2010457.65799 , 1897439.96279 ,      1.47901 ,      14137
    183,      1 , 1983031.14404 , 1880338.25425 ,      1.52567 ,       4117
    183,      2 , 2243200.25464 , 2218564.25030 ,      1.26502 ,        970
    183,      3 , 1997988.55735 , 1866280.71130 ,      1.47565 ,       4525
    183,      4 , 1997988.55735 , 1866280.71130 ,      1.47565 ,       4525

    186,   Total, 1900062.58614 , 1839768.22527 ,      1.62695 ,      15585
    186,      1 , 1889692.52088 , 1830561.75498 ,      1.65314 ,       4477
    186,      2 , 2127479.53314 , 2161477.47369 ,      1.39408 ,       1056
    186,      3 , 1880790.25090 , 1805498.64551 ,      1.63475 ,       5026
    186,      4 , 1880790.25090 , 1805498.64551 ,      1.63475 ,       5026

    184,   Total, 1898794.37683 , 1839006.47789 ,      1.62883 ,      15604
    184,      1 , 1888772.04463 , 1830003.53536 ,      1.65453 ,       4481
    184,      2 , 2126279.01230 , 2160806.34087 ,      1.39553 ,       1057
    184,      3 , 1879368.46891 , 1804644.65348 ,      1.63691 ,       5033
    184,      4 , 1879368.46891 , 1804644.65348 ,      1.63691 ,       5033

    310,   Total, 1896866.34940 , 1838933.48032 ,      1.62943 ,      15621
    310,      1 , 1887200.93378 , 1829942.98702 ,      1.65500 ,       4485
    310,      2 , 2124389.48960 , 2160658.26032 ,      1.39637 ,       1058
    310,      3 , 1877282.09724 , 1804581.89994 ,      1.63751 ,       5039
    310,      4 , 1877282.09724 , 1804581.89994 ,      1.63751 ,       5039

    187,   Total, 1895810.66379 , 1836395.62214 ,      1.63319 ,      15666
    187,      1 , 1886643.28072 , 1828570.78426 ,      1.65704 ,       4492
    187,      2 , 2123266.76792 , 2158771.60704 ,      1.39891 ,       1060
    187,      3 , 1876043.64920 , 1801485.96323 ,      1.64214 ,       5057
    187,      4 , 1876043.64920 , 1801485.96323 ,      1.64214 ,       5057

    188,   Total, 1893530.35846 , 1825592.96537 ,      1.64638 ,      15854
    188,      1 , 1884110.41405 , 1816004.49419 ,      1.67244 ,       4555
    188,      2 , 2117409.73860 , 2144209.27079 ,      1.41573 ,       1075
    188,      3 , 1874187.39221 , 1791855.18051 ,      1.65389 ,       5112
    188,      4 , 1874187.39221 , 1791855.18051 ,      1.65389 ,       5112

    190,   Total, 1887251.70004 , 1823576.24418 ,      1.65255 ,      15929
    190,      1 , 1878033.98230 , 1814041.09059 ,      1.67844 ,       4576
    190,      2 , 2114517.66295 , 2143265.61413 ,      1.41831 ,       1077
    190,      3 , 1867537.30090 , 1789746.10935 ,      1.66049 ,       5138
    190,      4 , 1867537.30090 , 1789746.10935 ,      1.66049 ,       5138

    191,   Total, 1880964.27138 , 1823465.11697 ,      1.65407 ,      15985
    191,      1 , 1875306.82828 , 1813995.79000 ,      1.67905 ,       4583
    191,      2 , 2101460.52952 , 2142463.96583 ,      1.42358 ,       1084
    191,      3 , 1860312.02462 , 1789671.76995 ,      1.66208 ,       5159
    191,      4 , 1860312.02462 , 1789671.76995 ,      1.66208 ,       5159

    192,   Total, 1827711.36764 , 1778676.42840 ,      1.75529 ,      17033
    192,      1 , 1822810.06064 , 1769754.75615 ,      1.77973 ,       4881
    192,      2 , 2064679.47861 , 2114989.26882 ,      1.47720 ,       1122
    192,      3 , 1805775.28957 , 1743342.84452 ,      1.76856 ,       5515
    192,      4 , 1805775.28957 , 1743342.84452 ,      1.76856 ,       5515

    193,   Total, 1818924.92927 , 1776918.70724 ,      1.76141 ,      17136
    193,      1 , 1815090.65661 , 1768225.74444 ,      1.78503 ,       4907
    193,      2 , 2054146.87511 , 2112632.88134 ,      1.48469 ,       1129
    193,      3 , 1796695.12739 , 1741570.67516 ,      1.77486 ,       5550
    193,      4 , 1796695.12739 , 1741570.67516 ,      1.77486 ,       5550

    194,   Total, 1816385.67039 , 1776402.23998 ,      1.76319 ,      17166
    194,      1 , 1813026.36935 , 1767810.86813 ,      1.78646 ,       4914
    194,      2 , 2052652.90531 , 2112294.14179 ,      1.48576 ,       1130
    194,      3 , 1793865.04729 , 1741008.19966 ,      1.77684 ,       5561
    194,      4 , 1793865.04729 , 1741008.19966 ,      1.77684 ,       5561

    195,   Total, 1811337.52440 , 1774945.32057 ,      1.76779 ,      17231
    195,      1 , 1809504.29714 , 1766804.41431 ,      1.78963 ,       4927
    195,      2 , 2044336.92694 , 2109795.19502 ,      1.49279 ,       1136
    195,      3 , 1788445.77919 , 1739460.97985 ,      1.78181 ,       5584
    195,      4 , 1788445.77919 , 1739460.97985 ,      1.78181 ,       5584

    199,   Total, 1801561.30039 , 1773267.78693 ,      1.77385 ,      17344
    199,      1 , 1804351.03762 , 1765944.54963 ,      1.79274 ,       4944
    199,      2 , 2038254.39649 , 2108582.48702 ,      1.49682 ,       1140
    199,      3 , 1776372.79325 , 1737439.25224 ,      1.78925 ,       5630
    199,      4 , 1776372.79325 , 1737439.25224 ,      1.78925 ,       5630

    196,   Total, 1785842.97228 , 1751885.18445 ,      1.81617 ,      17822
    196,      1 , 1789943.74388 , 1746573.83798 ,      1.83150 ,       5068
    196,      2 , 2031100.10609 , 2100777.13761 ,      1.51008 ,       1150
    196,      3 , 1759746.07342 , 1714129.82755 ,      1.83604 ,       5802
    196,      4 , 1759746.07342 , 1714129.82755 ,      1.83604 ,       5802

    200,   Total, 1781649.14592 , 1748776.87721 ,      1.82378 ,      17907
    200,      1 , 1785760.16182 , 1743512.55957 ,      1.83906 ,       5092
    200,      2 , 2012753.92472 , 2088507.36067 ,      1.53564 ,       1169
    200,      3 , 1756653.88752 , 1711807.52364 ,      1.84184 ,       5823
    200,      4 , 1756653.88752 , 1711807.52364 ,      1.84184 ,       5823

     41,   Total, 1780857.60581 , 1748787.38908 ,      1.82383 ,      17915
     41,      1 , 1785760.16182 , 1743512.55957 ,      1.83906 ,       5092
     41,      2 , 2009331.78992 , 2088362.45737 ,      1.53674 ,       1171
     41,      3 , 1755754.01116 , 1711825.89249 ,      1.84186 ,       5826
     41,      4 , 1755754.01116 , 1711825.89249 ,      1.84186 ,       5826

     42,   Total, 1768848.39018 , 1737992.63090 ,      1.84886 ,      18194
     42,      1 , 1782523.53667 , 1740657.65474 ,      1.84573 ,       5113
     42,      2 , 2000766.05927 , 2081561.20593 ,      1.55007 ,       1181
     42,      3 , 1739956.30689 , 1697349.64051 ,      1.87607 ,       5950
     42,      4 , 1739956.30689 , 1697349.64051 ,      1.87607 ,       5950

     43,   Total, 1761808.04112 , 1731573.98715 ,      1.86378 ,      18362
     43,      1 , 1777501.27439 , 1736192.44164 ,      1.85617 ,       5146
     43,      2 , 1991524.84983 , 2074139.63878 ,      1.56462 ,       1192
     43,      3 , 1732318.70193 , 1690230.46053 ,      1.89297 ,       6012
     43,      4 , 1732318.70193 , 1690230.46053 ,      1.89297 ,       6012

     44,   Total, 1757360.30186 , 1718613.15964 ,      1.88472 ,      18648
     44,      1 , 1772246.72040 , 1721662.07881 ,      1.87988 ,       5236
     44,      2 , 1988060.03750 , 2067641.45302 ,      1.57379 ,       1200
     44,      3 , 1728308.14248 , 1677474.26980 ,      1.91377 ,       6106
     44,      4 , 1728308.14248 , 1677474.26980 ,      1.91377 ,       6106

     45,   Total, 1765767.09864 , 1709840.27861 ,      1.87671 ,      18877
     45,      1 , 1781444.83271 , 1711741.79550 ,      1.87152 ,       5308
     45,      2 , 1993767.34568 , 2055462.52645 ,      1.57391 ,       1215
     45,      3 , 1736607.49749 , 1669579.39614 ,      1.90474 ,       6177
     45,      4 , 1736607.49749 , 1669579.39614 ,      1.90474 ,       6177

     46,   Total, 1769447.61664 , 1709229.62421 ,      1.86905 ,      18925
     46,      1 , 1781444.83271 , 1711741.79550 ,      1.87152 ,       5308
     46,      2 , 1993767.34568 , 2055462.52645 ,      1.57391 ,       1215
     46,      3 , 1742336.69150 , 1668878.18863 ,      1.89216 ,       6201
     46,      4 , 1742336.69150 , 1668878.18863 ,      1.89216 ,       6201

     47,   Total, 1773094.95412 , 1709455.14590 ,      1.86058 ,      18963
     47,      1 , 1781444.83271 , 1711741.79550 ,      1.87152 ,       5308
     47,      2 , 1993767.34568 , 2055462.52645 ,      1.57391 ,       1215
     47,      3 , 1747979.35032 , 1669442.55502 ,      1.87846 ,       6220
     47,      4 , 1747979.35032 , 1669442.55502 ,      1.87846 ,       6220

     48,   Total, 1819133.66598 , 1731863.32068 ,      1.74804 ,      19283
     48,      1 , 1830580.24278 , 1735371.33925 ,      1.75115 ,       5404
     48,      2 , 2055299.67309 , 2067971.07855 ,      1.46423 ,       1245
     48,      3 , 1790964.91657 , 1691963.21593 ,      1.77005 ,       6317
     48,      4 , 1790964.91657 , 1691963.21593 ,      1.77005 ,       6317

     57,   Total, 1851877.43456 , 1751211.60946 ,      1.67400 ,      19491
     57,      1 , 1863594.15980 , 1754659.80902 ,      1.67639 ,       5463
     57,      2 , 2075626.05901 , 2074364.22953 ,      1.42916 ,       1254
     57,      3 , 1824901.60514 , 1713274.21482 ,      1.69140 ,       6387
     57,      4 , 1824901.60514 , 1713274.21482 ,      1.69140 ,       6387

     59,   Total, 1869926.94498 , 1764378.88028 ,      1.63709 ,      19593
     59,      1 , 1876198.13879 , 1763802.46567 ,      1.65043 ,       5483
     59,      2 , 2101285.49367 , 2086036.17950 ,      1.38701 ,       1264
     59,      3 , 1844485.39421 , 1728267.41947 ,      1.65085 ,       6423
     59,      4 , 1844485.39421 , 1728267.41947 ,      1.65085 ,       6423

     49,   Total, 1877227.22751 , 1769746.08688 ,      1.62258 ,      19634
     49,      1 , 1880012.68482 , 1766606.15122 ,      1.64273 ,       5489
     49,      2 , 2103866.19447 , 2087230.02652 ,      1.38285 ,       1265
     49,      3 , 1853780.97997 , 1735417.63457 ,      1.63222 ,       6440
     49,      4 , 1853780.97997 , 1735417.63457 ,      1.63222 ,       6440

    202,   Total, 1864365.58981 , 1761176.57050 ,      1.64390 ,      19903
    202,      1 , 1865795.98169 , 1757204.91172 ,      1.66626 ,       5572
    202,      2 , 2090968.93511 , 2079386.15487 ,      1.39985 ,       1279
    202,      3 , 1841549.48330 , 1727190.00151 ,      1.65303 ,       6526
    202,      4 , 1841549.48330 , 1727190.00151 ,      1.65303 ,       6526

    316,   Total, 1853163.38159 , 1761715.47542 ,      1.64450 ,      20024
    316,      1 , 1853557.70244 , 1757827.14535 ,      1.66664 ,       5609
    316,      2 , 2078036.96970 , 2079352.40538 ,      1.40365 ,       1287
    316,      3 , 1830949.48355 , 1727776.56099 ,      1.65330 ,       6564
    316,      4 , 1830949.48355 , 1727776.56099 ,      1.65330 ,       6564

    204,   Total, 1845658.85461 , 1761583.73478 ,      1.64640 ,      20111
    204,      1 , 1846164.91976 , 1757715.57147 ,      1.66837 ,       5633
    204,      2 , 2070453.27399 , 2078888.17011 ,      1.40685 ,       1292
    204,      3 , 1823416.69968 , 1727693.39911 ,      1.65506 ,       6593
    204,      4 , 1823416.69968 , 1727693.39911 ,      1.65506 ,       6593

    208,   Total, 1829642.65738 , 1754582.06919 ,      1.66656 ,      20393
    208,      1 , 1825754.83746 , 1748820.01217 ,      1.69400 ,       5734
    208,      2 , 2050409.56674 , 2070370.41227 ,      1.42835 ,       1311
    208,      3 , 1809629.72221 , 1721675.35338 ,      1.67271 ,       6674
    208,      4 , 1809629.72221 , 1721675.35338 ,      1.67271 ,       6674

    206,   Total, 1828613.52022 , 1753158.94360 ,      1.66929 ,      20430
    206,      1 , 1824772.31163 , 1747455.20032 ,      1.69665 ,       5744
    206,      2 , 2047411.77964 , 2067001.09556 ,      1.43403 ,       1316
    206,      3 , 1808727.61092 , 1720401.59939 ,      1.67519 ,       6685
    206,      4 , 1808727.61092 , 1720401.59939 ,      1.67519 ,       6685

    209,   Total, 1735557.40630 , 1721537.79840 ,      1.76786 ,      22016
    209,      1 , 1732942.10865 , 1716301.96797 ,      1.79356 ,       6185
    209,      2 , 1914466.07554 , 2019772.35807 ,      1.56258 ,       1443
    209,      3 , 1718738.55769 , 1690180.15247 ,      1.77138 ,       7194
    209,      4 , 1718738.55769 , 1690180.15247 ,      1.77138 ,       7194

    210,   Total, 1727768.53154 , 1718635.66073 ,      1.77667 ,      22160
    210,      1 , 1724303.22103 , 1713088.18658 ,      1.80331 ,       6230
    210,      2 , 1898426.34384 , 2013405.05789 ,      1.57924 ,       1460
    210,      3 , 1712041.40498 , 1687717.09179 ,      1.77902 ,       7235
    210,      4 , 1712041.40498 , 1687717.09179 ,      1.77902 ,       7235

    211,   Total, 1721940.14657 , 1716437.26856 ,      1.78333 ,      22269
    211,      1 , 1717105.22910 , 1710372.00110 ,      1.81153 ,       6268
    211,      2 , 1891930.16905 , 2010783.73410 ,      1.58606 ,       1467
    211,      3 , 1706867.20724 , 1685793.09362 ,      1.78498 ,       7267
    211,      4 , 1706867.20724 , 1685793.09362 ,      1.78498 ,       7267

    212,   Total, 1658252.37784 , 1690915.51401 ,      1.85959 ,      23534
    212,      1 , 1659107.17612 , 1687202.25894 ,      1.88076 ,       6592
    212,      2 , 1826033.58301 , 1982790.73576 ,      1.65790 ,       1542
    212,      3 , 1641086.56948 , 1659728.16522 ,      1.86448 ,       7700
    212,      4 , 1641086.56948 , 1659728.16522 ,      1.86448 ,       7700

    213,   Total, 1616915.02316 , 1672841.21782 ,      1.91275 ,      24435
    213,      1 , 1617324.00993 , 1669058.83524 ,      1.93421 ,       6847
    213,      2 , 1791859.69255 , 1967245.29652 ,      1.69714 ,       1584
    213,      3 , 1599424.85266 , 1641639.68187 ,      1.91873 ,       8002
    213,      4 , 1599424.85266 , 1641639.68187 ,      1.91873 ,       8002

    214,   Total, 1613134.49170 , 1671120.53591 ,      1.91778 ,      24521
    214,      1 , 1612932.20887 , 1667071.49981 ,      1.94002 ,       6875
    214,      2 , 1787131.84465 , 1965030.70566 ,      1.70269 ,       1590
    214,      3 , 1595990.42738 , 1640086.06301 ,      1.92337 ,       8028
    214,      4 , 1595990.42738 , 1640086.06301 ,      1.92337 ,       8028

    215,   Total, 1601609.04769 , 1665808.94233 ,      1.93328 ,      24787
    215,      1 , 1602875.12406 , 1662466.21290 ,      1.95349 ,       6940
    215,      2 , 1767813.16285 , 1955833.95076 ,      1.72568 ,       1615
    215,      3 , 1584531.28672 , 1634837.48490 ,      1.93899 ,       8116
    215,      4 , 1584531.28672 , 1634837.48490 ,      1.93899 ,       8116

    216,   Total, 1598745.09306 , 1664473.86388 ,      1.93718 ,      24854
    216,      1 , 1600886.39307 , 1661546.68977 ,      1.95618 ,       6953
    216,      2 , 1764777.70105 , 1954367.43712 ,      1.72934 ,       1619
    216,      3 , 1581321.23535 , 1633349.54148 ,      1.94341 ,       8141
    216,      4 , 1581321.23535 , 1633349.54148 ,      1.94341 ,       8141

    217,   Total, 1593865.31872 , 1662185.08983 ,      1.94384 ,      24969
    217,      1 , 1594511.96154 , 1658579.65991 ,      1.96484 ,       6995
    217,      2 , 1759501.70849 , 1951804.46710 ,      1.73572 ,       1626
    217,      3 , 1577114.15427 , 1631387.69744 ,      1.94924 ,       8174
    217,      4 , 1577114.15427 , 1631387.69744 ,      1.94924 ,       8174

    218,   Total, 1586942.45281 , 1658907.38385 ,      1.95339 ,      25134
    218,      1 , 1587618.24670 , 1655336.70714 ,      1.97430 ,       7041
    218,      2 , 1748348.34735 , 1946327.36852 ,      1.74935 ,       1641
    218,      3 , 1570553.84731 , 1628301.50471 ,      1.95840 ,       8226
    218,      4 , 1570553.84731 , 1628301.50471 ,      1.95840 ,       8226

    219,   Total, 1545898.39914 , 1638733.57024 ,      2.01193 ,      26159
    219,      1 , 1553904.25869 , 1638962.09379 ,      2.02193 ,       7275
    219,      2 , 1716082.70522 , 1930028.20824 ,      1.78972 ,       1686
    219,      3 , 1525827.84626 , 1606382.67012 ,      2.02325 ,       8599
    219,      4 , 1525827.84626 , 1606382.67012 ,      2.02325 ,       8599

    220,   Total, 1541798.69219 , 1636648.03503 ,      2.01797 ,      26266
    220,      1 , 1549323.68788 , 1636670.83591 ,      2.02859 ,       7308
    220,      2 , 1710526.31169 , 1927152.66332 ,      1.79682 ,       1694
    220,      3 , 1522057.19219 , 1604463.87101 ,      2.02892 ,       8632
    220,      4 , 1522057.19219 , 1604463.87101 ,      2.02892 ,       8632

    221,   Total, 1536711.75564 , 1634041.83588 ,      2.02552 ,      26400
    221,      1 , 1542053.54042 , 1633000.59337 ,      2.03924 ,       7361
    221,      2 , 1701608.85999 , 1922494.47138 ,      1.80831 ,       1707
    221,      3 , 1518202.62601 , 1602490.47274 ,      2.03475 ,       8666
    221,      4 , 1518202.62601 , 1602490.47274 ,      2.03475 ,       8666

    222,   Total, 1533887.29828 , 1632585.87543 ,      2.02974 ,      26475
    222,      1 , 1539608.39084 , 1631756.83275 ,      2.04285 ,       7379
    222,      2 , 1692826.82674 , 1917854.75244 ,      1.81975 ,       1720
    222,      3 , 1515724.77924 , 1601215.48752 ,      2.03851 ,       8688
    222,      4 , 1515724.77924 , 1601215.48752 ,      2.03851 ,       8688

    223,   Total, 1489065.84379 , 1608637.68568 ,      2.09905 ,      27725
    223,      1 , 1500796.39325 , 1611386.40790 ,      2.10195 ,       7677
    223,      2 , 1661521.46154 , 1900891.38900 ,      1.86147 ,       1768
    223,      3 , 1467459.88315 , 1575393.90546 ,      2.11471 ,       9140
    223,      4 , 1467459.88315 , 1575393.90546 ,      2.11471 ,       9140

    224,   Total, 1481222.38049 , 1604280.57817 ,      2.11167 ,      27956
    224,      1 , 1491867.61814 , 1606529.97362 ,      2.11604 ,       7749
    224,      2 , 1653333.98428 , 1896343.85390 ,      1.87264 ,       1781
    224,      3 , 1460109.78346 , 1571293.53542 ,      2.12682 ,       9213
    224,      4 , 1460109.78346 , 1571293.53542 ,      2.12682 ,       9213

    226,   Total, 1479789.54431 , 1603703.67269 ,      2.11342 ,      27993
    226,      1 , 1490879.63744 , 1606141.20717 ,      2.11722 ,       7756
    226,      2 , 1650519.08459 , 1895148.26602 ,      1.87578 ,       1785
    226,      3 , 1458612.05723 , 1570692.19644 ,      2.12869 ,       9226
    226,      4 , 1458612.05723 , 1570692.19644 ,      2.12869 ,       9226

    227,   Total, 1478081.77492 , 1602782.77011 ,      2.11611 ,      28043
    227,      1 , 1489507.42088 , 1605416.91407 ,      2.11934 ,       7767
    227,      2 , 1649887.19821 , 1894805.52339 ,      1.87663 ,       1786
    227,      3 , 1456687.10330 , 1569650.49151 ,      2.13179 ,       9245
    227,      4 , 1456687.10330 , 1569650.49151 ,      2.13179 ,       9245

    318,   Total, 1463961.20985 , 1601445.21460 ,      2.12004 ,      28316
    318,      1 , 1471301.00661 , 1603781.03996 ,      2.12405 ,       7864
    318,      2 , 1642589.92642 , 1893716.86674 ,      1.88017 ,       1794
    318,      3 , 1443692.15211 , 1568503.54499 ,      2.13507 ,       9329
    318,      4 , 1443692.15211 , 1568503.54499 ,      2.13507 ,       9329

    228,   Total, 1440771.72670 , 1594051.75396 ,      2.14308 ,      28884
    228,      1 , 1449236.91988 , 1596864.68227 ,      2.14557 ,       8013
    228,      2 , 1603625.80347 , 1880058.45272 ,      1.91764 ,       1847
    228,      3 , 1421394.98823 , 1561478.15626 ,      2.15735 ,       9512
    228,      4 , 1421394.98823 , 1561478.15626 ,      2.15735 ,       9512

    319,   Total, 1438450.98172 , 1593795.11419 ,      2.14384 ,      28931
    319,      1 , 1447266.94429 , 1596655.25032 ,      2.14618 ,       8024
    319,      2 , 1601904.44402 , 1879769.22071 ,      1.91854 ,       1849
    319,      3 , 1418880.99874 , 1561217.60549 ,      2.15810 ,       9529
    319,      4 , 1418880.99874 , 1561217.60549 ,      2.15810 ,       9529

     60,   Total, 1435267.80886 , 1590739.73144 ,      2.15176 ,      29067
     60,      1 , 1443253.81080 , 1592862.39196 ,      2.15604 ,       8071
     60,      2 , 1598722.05981 , 1876932.28596 ,      1.92472 ,       1856
     60,      3 , 1416050.14368 , 1558467.08733 ,      2.16537 ,       9570
     60,      4 , 1416050.14368 , 1558467.08733 ,      2.16537 ,       9570

     61,   Total, 1436247.66224 , 1589069.81681 ,      2.15186 ,      29133
     61,      1 , 1443988.92801 , 1591580.40814 ,      2.15616 ,       8085
     61,      2 , 1599300.68763 , 1874953.35712 ,      1.92574 ,       1860
     61,      3 , 1417180.18459 , 1556679.94019 ,      2.16528 ,       9594
     61,      4 , 1417180.18459 , 1556679.94019 ,      2.16528 ,       9594

     62,   Total, 1440433.38796 , 1583594.71397 ,      2.14974 ,      29361
     62,      1 , 1449129.93790 , 1584713.94054 ,      2.15379 ,       8164
     62,      2 , 1600710.32084 , 1871574.39563 ,      1.92669 ,       1867
     62,      3 , 1421279.96492 , 1551683.15905 ,      2.16262 ,       9665
     62,      4 , 1421279.96492 , 1551683.15905 ,      2.16262 ,       9665

     63,   Total, 1443140.68420 , 1580078.59525 ,      2.14833 ,      29509
     63,      1 , 1450168.76051 , 1583337.06571 ,      2.15330 ,       8180
     63,      2 , 1602732.25839 , 1866784.08118 ,      1.92799 ,       1877
     63,      3 , 1424785.60251 , 1547438.39746 ,      2.16028 ,       9726
     63,      4 , 1424785.60251 , 1547438.39746 ,      2.16028 ,       9726

     64,   Total, 1451694.16952 , 1578756.34880 ,      2.12793 ,      29696
     64,      1 , 1460659.07521 , 1581631.71937 ,      2.12843 ,       8244
     64,      2 , 1613491.62724 , 1861820.46303 ,      1.91102 ,       1894
     64,      3 , 1432246.82994 , 1546545.58753 ,      2.14164 ,       9779
     64,      4 , 1432246.82994 , 1546545.58753 ,      2.14164 ,       9779

     65,   Total, 1455365.90943 , 1578174.29011 ,      2.11921 ,      29777
     65,      1 , 1463742.18928 , 1581117.01755 ,      2.12116 ,       8263
     65,      2 , 1618488.46215 , 1859489.77351 ,      1.90316 ,       1902
     65,      3 , 1436016.92433 , 1546080.66972 ,      2.13227 ,       9806
     65,      4 , 1436016.92433 , 1546080.66972 ,      2.13227 ,       9806

     66,   Total, 1464124.81222 , 1576751.33985 ,      2.09851 ,      29972
     66,      1 , 1471148.97051 , 1579856.04101 ,      2.10376 ,       8309
     66,      2 , 1631408.90172 , 1853388.95302 ,      1.88291 ,       1923
     66,      3 , 1444871.97356 , 1544952.88608 ,      2.11036 ,       9870
     66,      4 , 1444871.97356 , 1544952.88608 ,      2.11036 ,       9870

     67,   Total, 1475264.82487 , 1581333.57610 ,      2.06510 ,      30114
     67,      1 , 1481591.26528 , 1584098.71233 ,      2.07245 ,       8346
     67,      2 , 1639370.70570 , 1854726.03760 ,      1.86514 ,       1930
     67,      3 , 1456637.70410 , 1550152.91776 ,      2.07402 ,       9919
     67,      4 , 1456637.70410 , 1550152.91776 ,      2.07402 ,       9919

     68,   Total, 1478077.44991 , 1582656.81496 ,      2.05668 ,      30148
     68,      1 , 1483378.36638 , 1584931.80232 ,      2.06709 ,       8352
     68,      2 , 1641782.57453 , 1855279.53803 ,      1.85969 ,       1932
     68,      3 , 1459926.44533 , 1551799.53553 ,      2.06391 ,       9932
     68,      4 , 1459926.44533 , 1551799.53553 ,      2.06391 ,       9932

    230,   Total, 1465607.52036 , 1580797.87883 ,      2.06289 ,      30425
    230,      1 , 1476172.72511 , 1583887.50042 ,      2.07055 ,       8396
    230,      2 , 1637824.46515 , 1854515.90813 ,      1.86213 ,       1937
    230,      3 , 1444589.71820 , 1549595.84913 ,      2.07137 ,      10046
    230,      4 , 1444589.71820 , 1549595.84913 ,      2.07137 ,      10046

    231,   Total, 1457327.94696 , 1571666.59433 ,      2.08568 ,      30842
    231,      1 , 1465812.34739 , 1572678.75689 ,      2.09868 ,       8538
    231,      2 , 1625465.61179 , 1842437.40125 ,      1.88796 ,       1968
    231,      3 , 1437494.41355 , 1541615.76484 ,      2.09159 ,      10168
    231,      4 , 1437494.41355 , 1541615.76484 ,      2.09159 ,      10168

    233,   Total, 1455141.13689 , 1568281.76768 ,      2.09339 ,      30988
    233,      1 , 1463827.90786 , 1569670.82862 ,      2.10558 ,       8574
    233,      2 , 1622269.04651 , 1838319.11434 ,      1.89607 ,       1978
    233,      3 , 1435320.26297 , 1538151.49301 ,      2.09957 ,      10218
    233,      4 , 1435320.26297 , 1538151.49301 ,      2.09957 ,      10218

    235,   Total, 1452707.24523 , 1568093.59437 ,      2.09396 ,      31040
    235,      1 , 1461785.23433 , 1569523.54534 ,      2.10600 ,       8586
    235,      2 , 1618999.67407 , 1837901.46225 ,      1.89748 ,       1982
    235,      3 , 1432800.28898 , 1537970.85335 ,      2.10011 ,      10236
    235,      4 , 1432800.28898 , 1537970.85335 ,      2.10011 ,      10236

    236,   Total, 1451996.60971 , 1567696.03610 ,      2.09513 ,      31064
    236,      1 , 1461136.57705 , 1569167.25595 ,      2.10706 ,       8592
    236,      2 , 1617904.82359 , 1837297.86734 ,      1.89902 ,       1984
    236,      3 , 1432097.52265 , 1537575.66829 ,      2.10130 ,      10244
    236,      4 , 1432097.52265 , 1537575.66829 ,      2.10130 ,      10244

     71,   Total, 1453868.86607 , 1565497.97279 ,      2.09373 ,      31165
     71,      1 , 1463902.38754 , 1565845.40089 ,      2.10512 ,       8634
     71,      2 , 1618940.02564 , 1835101.84896 ,      1.89938 ,       1989
     71,      3 , 1433668.49800 , 1535858.07618 ,      2.09990 ,      10271
     71,      4 , 1433668.49800 , 1535858.07618 ,      2.09990 ,      10271

     72,   Total, 1455711.33602 , 1564006.85598 ,      2.09128 ,      31242
     72,      1 , 1464243.91595 , 1565563.18925 ,      2.10467 ,       8638
     72,      2 , 1621563.86787 , 1831377.64621 ,      1.89821 ,       1998
     72,      3 , 1436053.09162 , 1534065.92206 ,      2.09645 ,      10303
     72,      4 , 1436053.09162 , 1534065.92206 ,      2.09645 ,      10303

     73,   Total, 1458858.59010 , 1562431.12241 ,      2.08552 ,      31344
     73,      1 , 1468112.35858 , 1563582.33435 ,      2.09766 ,       8673
     73,      2 , 1621964.70835 , 1831006.99558 ,      1.89780 ,       1999
     73,      3 , 1439203.64309 , 1532626.24641 ,      2.09033 ,      10336
     73,      4 , 1439203.64309 , 1532626.24641 ,      2.09033 ,      10336

     74,   Total, 1472858.71490 , 1569950.85411 ,      2.04293 ,      31512
     74,      1 , 1484899.97457 , 1572499.95977 ,      2.04648 ,       8729
     74,      2 , 1634224.12743 , 1834652.30308 ,      1.86910 ,       2009
     74,      3 , 1452193.88052 , 1540003.68979 ,      2.04990 ,      10387
     74,      4 , 1452193.88052 , 1540003.68979 ,      2.04990 ,      10387

     75,   Total, 1485391.71876 , 1576917.56278 ,      2.00568 ,      31660
     75,      1 , 1498588.74208 , 1580007.78104 ,      2.00582 ,       8774
     75,      2 , 1652897.65366 , 1840575.23202 ,      1.82594 ,       2024
     75,      3 , 1463590.22826 , 1546696.21784 ,      2.01525 ,      10431
     75,      4 , 1463590.22826 , 1546696.21784 ,      2.01525 ,      10431

     76,   Total, 1502479.72103 , 1590668.38740 ,      1.95849 ,      31824
     76,      1 , 1513577.20184 , 1591972.79256 ,      1.96432 ,       8814
     76,      2 , 1659107.52712 , 1844059.18183 ,      1.81175 ,       2028
     76,      3 , 1482679.20694 , 1562671.15360 ,      1.96199 ,      10491
     76,      4 , 1482679.20694 , 1562671.15360 ,      1.96199 ,      10491

     77,   Total, 1503308.81779 , 1591327.92743 ,      1.95625 ,      31832
     77,      1 , 1513577.20184 , 1591972.79256 ,      1.96432 ,       8814
     77,      2 , 1659107.52712 , 1844059.18183 ,      1.81175 ,       2028
     77,      3 , 1483944.10510 , 1563715.78408 ,      1.95853 ,      10495
     77,      4 , 1483944.10510 , 1563715.78408 ,      1.95853 ,      10495

     78,   Total, 1504655.23473 , 1592397.51941 ,      1.95260 ,      31845
     78,      1 , 1513577.20184 , 1591972.79256 ,      1.96432 ,       8814
     78,      2 , 1660656.27255 , 1844923.91408 ,      1.80822 ,       2029
     78,      3 , 1485839.67794 , 1565278.08715 ,      1.95336 ,      10501
     78,      4 , 1485839.67794 , 1565278.08715 ,      1.95336 ,      10501

     79,   Total, 1508274.81575 , 1595263.81028 ,      1.94285 ,      31880
     79,      1 , 1513577.20184 , 1591972.79256 ,      1.96432 ,       8814
     79,      2 , 1662203.50985 , 1845786.12139 ,      1.80471 ,       2030
     79,      3 , 1491198.82791 , 1569674.35556 ,      1.93886 ,      10518
     79,      4 , 1491198.82791 , 1569674.35556 ,      1.93886 ,      10518

     80,   Total, 1510236.48779 , 1596811.75572 ,      1.93759 ,      31899
     80,      1 , 1514323.14984 , 1592562.35666 ,      1.96228 ,       8816
     80,      2 , 1663749.30625 , 1846645.92279 ,      1.80122 ,       2031
     80,      3 , 1493714.89616 , 1571727.94969 ,      1.93210 ,      10526
     80,      4 , 1493714.89616 , 1571727.94969 ,      1.93210 ,      10526

     81,   Total, 1514153.01281 , 1599890.82318 ,      1.92715 ,      31937
     81,      1 , 1515814.10057 , 1593739.12630 ,      1.95823 ,       8820
     81,      2 , 1666836.48352 , 1848358.16798 ,      1.79425 ,       2033
     81,      3 , 1498735.81066 , 1575806.27182 ,      1.91871 ,      10542
     81,      4 , 1498735.81066 , 1575806.27182 ,      1.91871 ,      10542

    245,   Total, 1511452.28784 , 1598283.82178 ,      1.93176 ,      32032
    245,      1 , 1513132.71253 , 1592161.20914 ,      1.96278 ,       8846
    245,      2 , 1662149.99559 , 1845623.60532 ,      1.80106 ,       2042
    245,      3 , 1496195.48893 , 1574289.10337 ,      1.92312 ,      10572
    245,      4 , 1496195.48893 , 1574289.10337 ,      1.92312 ,      10572

    239,   Total, 1509409.60230 , 1596126.81103 ,      1.93702 ,      32135
    239,      1 , 1511763.21500 , 1590728.41497 ,      1.96631 ,       8865
    239,      2 , 1661378.96233 , 1844884.58564 ,      1.80264 ,       2044
    239,      3 , 1493792.42768 , 1571718.79770 ,      1.92945 ,      10613
    239,      4 , 1493792.42768 , 1571718.79770 ,      1.92945 ,      10613

    240,   Total, 1506340.86030 , 1592875.58397 ,      1.94496 ,      32291
    240,      1 , 1509041.94946 , 1587873.75434 ,      1.97336 ,       8903
    240,      2 , 1656784.52724 , 1840467.70974 ,      1.81208 ,       2056
    240,      3 , 1490713.63473 , 1568413.86569 ,      1.93761 ,      10666
    240,      4 , 1490713.63473 , 1568413.86569 ,      1.93761 ,      10666

    241,   Total, 1500657.01838 , 1586819.80325 ,      1.95980 ,      32584
    241,      1 , 1503949.46819 , 1582504.64941 ,      1.98666 ,       8975
    241,      2 , 1635675.04496 , 1819885.45117 ,      1.85631 ,       2113
    241,      3 , 1486010.44101 , 1563339.45445 ,      1.95017 ,      10748
    241,      4 , 1486010.44101 , 1563339.45445 ,      1.95017 ,      10748

    242,   Total, 1499735.68087 , 1585833.97107 ,      1.96222 ,      32632
    242,      1 , 1503248.69082 , 1581763.01395 ,      1.98850 ,       8985
    242,      2 , 1632088.73340 , 1816340.87148 ,      1.86397 ,       2123
    242,      3 , 1485214.68454 , 1562477.76432 ,      1.95230 ,      10762
    242,      4 , 1485214.68454 , 1562477.76432 ,      1.95230 ,      10762

    248,   Total, 1494094.11889 , 1583613.87757 ,      1.96923 ,      32803
    248,      1 , 1496404.30215 , 1579109.06091 ,      1.99689 ,       9042
    248,      2 , 1625262.07494 , 1813502.49852 ,      1.87181 ,       2135
    248,      3 , 1480178.81957 , 1560504.07344 ,      1.95865 ,      10813
    248,      4 , 1480178.81957 , 1560504.07344 ,      1.95865 ,      10813

    249,   Total, 1492337.49491 , 1582144.56382 ,      1.97313 ,      32881
    249,      1 , 1494519.60298 , 1577546.99291 ,      2.00107 ,       9065
    249,      2 , 1623225.45093 , 1811870.74111 ,      1.87560 ,       2140
    249,      3 , 1478502.79129 , 1559092.78945 ,      1.96243 ,      10838
    249,      4 , 1478502.79129 , 1559092.78945 ,      1.96243 ,      10838

     84,   Total, 1491561.13923 , 1581937.87851 ,      1.97382 ,      32902
     84,      1 , 1493176.85190 , 1577195.76322 ,      2.00224 ,       9075
     84,      2 , 1622596.18776 , 1811681.34748 ,      1.87616 ,       2141
     84,      3 , 1477948.27234 , 1558947.05120 ,      1.96293 ,      10843
     84,      4 , 1477948.27234 , 1558947.05120 ,      1.96293 ,      10843

     85,   Total, 1491347.77875 , 1581872.56106 ,      1.97404 ,      32908
     85,      1 , 1493176.85190 , 1577195.76322 ,      2.00224 ,       9075
     85,      2 , 1622596.18776 , 1811681.34748 ,      1.87616 ,       2141
     85,      3 , 1477628.35764 , 1558850.07825 ,      1.96326 ,      10846
     85,      4 , 1477628.35764 , 1558850.07825 ,      1.96326 ,      10846

     86,   Total, 1488547.30118 , 1580008.67193 ,      1.97930 ,      33017
     86,      1 , 1489631.97750 , 1574856.79327 ,      2.00889 ,       9113
     86,      2 , 1615781.23284 , 1807201.03117 ,      1.88719 ,       2156
     86,      3 , 1475479.38633 , 1557416.07763 ,      1.96736 ,      10874
     86,      4 , 1475479.38633 , 1557416.07763 ,      1.96736 ,      10874

     87,   Total, 1485724.37935 , 1576688.65250 ,      1.98729 ,      33178
     87,      1 , 1486451.70370 , 1571140.48129 ,      2.01793 ,       9163
     87,      2 , 1613486.84374 , 1804722.50172 ,      1.89246 ,       2163
     87,      3 , 1472772.94774 , 1554198.11546 ,      1.97517 ,      10926
     87,      4 , 1472772.94774 , 1554198.11546 ,      1.97517 ,      10926

     88,   Total, 1484722.83692 , 1573665.77163 ,      1.99280 ,      33309
     88,      1 , 1485535.24424 , 1568392.96579 ,      2.02301 ,       9196
     88,      2 , 1610678.78981 , 1798377.89808 ,      1.90311 ,       2179
     88,      3 , 1471869.32552 , 1551360.09280 ,      1.98034 ,      10967
     88,      4 , 1471869.32552 , 1551360.09280 ,      1.98034 ,      10967

     89,   Total, 1484751.64948 , 1572887.05977 ,      1.99373 ,      33342
     89,      1 , 1485550.62232 , 1567966.85284 ,      2.02353 ,       9201
     89,      2 , 1610324.53361 , 1795093.68834 ,      1.90716 ,       2187
     89,      3 , 1471907.55516 , 1550653.74305 ,      1.98116 ,      10977
     89,      4 , 1471907.55516 , 1550653.74305 ,      1.98116 ,      10977

     90,   Total, 1487130.03840 , 1570619.98577 ,      1.99105 ,      33460
     90,      1 , 1487885.25810 , 1565747.64382 ,      2.02090 ,       9233
     90,      2 , 1611826.15185 , 1792864.54820 ,      1.90660 ,       2193
     90,      3 , 1474402.82046 , 1548387.81213 ,      1.97813 ,      11017
     90,      4 , 1474402.82046 , 1548387.81213 ,      1.97813 ,      11017

     91,   Total, 1492231.53088 , 1571953.10550 ,      1.97673 ,      33544
     91,      1 , 1495356.82227 , 1567715.30999 ,      1.99966 ,       9267
     91,      2 , 1615308.17296 , 1793086.33763 ,      1.89880 ,       2197
     91,      3 , 1478673.49384 , 1549595.64658 ,      1.96595 ,      11040
     91,      4 , 1478673.49384 , 1549595.64658 ,      1.96595 ,      11040

     92,   Total, 1498929.75279 , 1573926.59878 ,      1.95789 ,      33651
     92,      1 , 1502369.77769 , 1569789.76361 ,      1.97971 ,       9298
     92,      2 , 1618912.86688 , 1793447.23088 ,      1.89063 ,       2201
     92,      3 , 1485564.45007 , 1551774.70267 ,      1.94628 ,      11076
     92,      4 , 1485564.45007 , 1551774.70267 ,      1.94628 ,      11076

     93,   Total, 1501380.79987 , 1574797.79244 ,      1.95096 ,      33688
     93,      1 , 1504046.02020 , 1570388.00899 ,      1.97491 ,       9305
     93,      2 , 1622743.54649 , 1794071.78723 ,      1.88177 ,       2205
     93,      3 , 1488196.34990 , 1552766.47897 ,      1.93874 ,      11089
     93,      4 , 1488196.34990 , 1552766.47897 ,      1.93874 ,      11089

     94,   Total, 1514033.52594 , 1581762.64227 ,      1.91510 ,      33848
     94,      1 , 1518053.60306 , 1578120.05708 ,      1.93469 ,       9354
     94,      2 , 1637720.63345 , 1799412.12263 ,      1.84594 ,       2218
     94,      3 , 1500030.03313 , 1559541.41945 ,      1.90497 ,      11138
     94,      4 , 1500030.03313 , 1559541.41945 ,      1.90497 ,      11138

    254,   Total, 1482403.74355 , 1569824.62413 ,      1.95353 ,      34845
    254,      1 , 1484579.51488 , 1565674.64999 ,      1.97482 ,       9645
    254,      2 , 1575632.06464 , 1773907.61565 ,      1.91757 ,       2336
    254,      3 , 1471960.83450 , 1549021.01516 ,      1.93942 ,      11432
    254,      4 , 1471960.83450 , 1549021.01516 ,      1.93942 ,      11432

    258,   Total, 1482346.26912 , 1569797.90476 ,      1.95362 ,      34847
    258,      1 , 1484579.51488 , 1565674.64999 ,      1.97482 ,       9645
    258,      2 , 1575632.06464 , 1773907.61565 ,      1.91757 ,       2336
    258,      3 , 1471874.15884 , 1548980.99002 ,      1.93954 ,      11433
    258,      4 , 1471874.15884 , 1548980.99002 ,      1.93954 ,      11433

    259,   Total, 1473251.54235 , 1565271.18301 ,      1.96741 ,      35175
    259,      1 , 1473259.13927 , 1560091.80328 ,      1.99190 ,       9758
    259,      2 , 1574261.46345 , 1773181.85003 ,      1.91950 ,       2339
    259,      3 , 1463010.77901 , 1544594.87027 ,      1.95312 ,      11539
    259,      4 , 1463010.77901 , 1544594.87027 ,      1.95312 ,      11539

    260,   Total, 1467799.76825 , 1562513.66506 ,      1.97580 ,      35375
    260,      1 , 1467561.41840 , 1557230.28592 ,      2.00064 ,       9816
    260,      2 , 1569726.37420 , 1770761.33109 ,      1.92593 ,       2349
    260,      3 , 1457584.94899 , 1541866.15418 ,      1.96155 ,      11605
    260,      4 , 1457584.94899 , 1541866.15418 ,      1.96155 ,      11605

    261,   Total, 1465694.40899 , 1561437.70492 ,      1.97907 ,      35453
    261,      1 , 1464937.12313 , 1555897.70854 ,      2.00470 ,       9843
    261,      2 , 1567477.29524 , 1769550.83089 ,      1.92914 ,       2354
    261,      3 , 1455712.34202 , 1540914.65016 ,      1.96448 ,      11628
    261,      4 , 1455712.34202 , 1540914.65016 ,      1.96448 ,      11628

    262,   Total, 1461994.04646 , 1559240.83239 ,      1.98554 ,      35601
    262,      1 , 1460531.70451 , 1553294.53747 ,      2.01239 ,       9892
    262,      2 , 1566214.80653 , 1768777.57212 ,      1.93113 ,       2357
    262,      3 , 1452094.13018 , 1538774.69929 ,      1.97086 ,      11676
    262,      4 , 1452094.13018 , 1538774.69929 ,      1.97086 ,      11676

    264,   Total, 1461398.07608 , 1558974.28294 ,      1.98637 ,      35622
    264,      1 , 1459715.96818 , 1552931.72076 ,      2.01353 ,       9900
    264,      2 , 1565741.88168 , 1768551.42156 ,      1.93174 ,       2358
    264,      3 , 1451579.98733 , 1538546.64693 ,      1.97159 ,      11682
    264,      4 , 1451579.98733 , 1538546.64693 ,      1.97159 ,      11682

    101,   Total, 1454669.75172 , 1557172.71348 ,      1.99249 ,      35823
    101,      1 , 1450355.13981 , 1550440.54144 ,      2.02194 ,       9978
    101,      2 , 1562983.75243 , 1767694.03810 ,      1.93429 ,       2363
    101,      3 , 1445603.45473 , 1536978.40585 ,      1.97703 ,      11741
    101,      4 , 1445603.45473 , 1536978.40585 ,      1.97703 ,      11741

    103,   Total, 1452314.47260 , 1555261.36708 ,      1.99770 ,      35937
    103,      1 , 1448583.91932 , 1549000.19425 ,      2.02589 ,      10002
    103,      2 , 1557972.81994 , 1763680.90392 ,      1.94391 ,       2377
    103,      3 , 1443237.43306 , 1535060.51824 ,      1.98232 ,      11779
    103,      4 , 1443237.43306 , 1535060.51824 ,      1.98232 ,      11779

    267,   Total, 1452237.21372 , 1555252.57242 ,      1.99773 ,      35939
    267,      1 , 1448583.91932 , 1549000.19425 ,      2.02589 ,      10002
    267,      2 , 1557972.81994 , 1763680.90392 ,      1.94391 ,       2377
    267,      3 , 1443120.35102 , 1535047.95542 ,      1.98236 ,      11780
    267,      4 , 1443120.35102 , 1535047.95542 ,      1.98236 ,      11780

    268,   Total, 1447046.22392 , 1554610.09740 ,      2.00006 ,      36075
    268,      1 , 1441617.03969 , 1548143.38695 ,      2.02892 ,      10053
    268,      2 , 1553619.30201 , 1762915.69575 ,      1.94638 ,       2384
    268,      3 , 1438606.82004 , 1534519.46073 ,      1.98435 ,      11819
    268,      4 , 1438606.82004 , 1534519.46073 ,      1.98435 ,      11819

    269,   Total, 1436087.70410 , 1552769.53546 ,      2.00659 ,      36377
    269,      1 , 1430981.19329 , 1546358.38051 ,      2.03515 ,      10135
    269,      2 , 1546474.55259 , 1761376.05591 ,      1.95122 ,       2396
    269,      3 , 1427166.61033 , 1532671.99553 ,      1.99109 ,      11923
    269,      4 , 1427166.61033 , 1532671.99553 ,      1.99109 ,      11923

    270,   Total, 1434379.46500 , 1552352.73180 ,      2.00802 ,      36428
    270,      1 , 1429663.87640 , 1546037.03418 ,      2.03624 ,      10146
    270,      2 , 1542046.80408 , 1760111.12256 ,      1.95503 ,       2404
    270,      3 , 1425543.38487 , 1532285.44922 ,      1.99244 ,      11939
    270,      4 , 1425543.38487 , 1532285.44922 ,      1.99244 ,      11939

    107,   Total, 1434087.59703 , 1552209.27817 ,      2.00846 ,      36439
    107,      1 , 1429284.70916 , 1545850.30272 ,      2.03681 ,      10150
    107,      2 , 1540707.56045 , 1759422.11521 ,      1.95689 ,       2407
    107,      3 , 1425382.92656 , 1532207.27183 ,      1.99269 ,      11941
    107,      4 , 1425382.92656 , 1532207.27183 ,      1.99269 ,      11941

    108,   Total, 1433874.28839 , 1551832.86638 ,      2.00928 ,      36458
    108,      1 , 1429244.86060 , 1545779.36442 ,      2.03697 ,      10151
    108,      2 , 1540279.22873 , 1758754.10639 ,      1.95820 ,       2409
    108,      3 , 1425114.71939 , 1531729.28000 ,      1.99373 ,      11949
    108,      4 , 1425114.71939 , 1531729.28000 ,      1.99373 ,      11949

    109,   Total, 1434640.14452 , 1549104.96669 ,      2.01120 ,      36589
    109,      1 , 1430059.89754 , 1542951.39749 ,      2.03897 ,      10189
    109,      2 , 1540767.87769 , 1754765.63551 ,      1.96177 ,       2420
    109,      3 , 1425876.13378 , 1529163.18419 ,      1.99545 ,      11990
    109,      4 , 1425876.13378 , 1529163.18419 ,      1.99545 ,      11990

    110,   Total, 1435284.30249 , 1547475.49411 ,      2.01193 ,      36669
    110,      1 , 1430588.66072 , 1541641.50521 ,      2.03955 ,      10207
    110,      2 , 1541391.04119 , 1751904.71545 ,      1.96383 ,       2428
    110,      3 , 1426559.21528 , 1527512.03165 ,      1.99610 ,      12017
    110,      4 , 1426559.21528 , 1527512.03165 ,      1.99610 ,      12017

    272,   Total, 1431170.18698 , 1545394.77867 ,      2.01832 ,      36828
    272,      1 , 1425966.32154 , 1539296.57354 ,      2.04677 ,      10257
    272,      2 , 1536614.77245 , 1749388.41273 ,      1.97061 ,       2439
    272,      3 , 1422724.83242 , 1525589.30698 ,      2.00210 ,      12066
    272,      4 , 1422724.83242 , 1525589.30698 ,      2.00210 ,      12066

    275,   Total, 1363101.88316 , 1526032.01686 ,      2.08323 ,      39054
    275,      1 , 1353673.49968 , 1518583.97567 ,      2.11578 ,      10921
    275,      2 , 1452861.93211 , 1721901.25179 ,      2.05158 ,       2607
    275,      3 , 1357968.40860 , 1507616.94981 ,      2.06361 ,      12763
    275,      4 , 1357968.40860 , 1507616.94981 ,      2.06361 ,      12763

    276,   Total, 1343830.69729 , 1519950.06953 ,      2.10334 ,      39734
    276,      1 , 1338345.40459 , 1513710.95323 ,      2.13182 ,      11073
    276,      2 , 1433585.02190 , 1714931.85659 ,      2.07182 ,       2649
    276,      3 , 1337025.35514 , 1501158.91626 ,      2.08538 ,      13006
    276,      4 , 1337025.35514 , 1501158.91626 ,      2.08538 ,      13006
